------------------------------------------------------------------------------
TauSpinnerTableProducer/tauSpinnerTable
Input collection: prunedGenParticles
Table name: TauSpinner
Theta: 0,0p25,0p5,minus0p25,0p375,

 *************************************
 *     TAUOLA C++ Interface v1.1.8   *
 *-----------------------------------*
 *                                   *
 *   (c) Nadia    Davidson,   (1,2)  *
 *   (c) Gizo     Nanava,     (3)    *
 *       Tomasz   Przedzinski,(4)    *
 *       Elzbieta Richter-Was,(2,4)  *
 *       Zbigniew Was         (2,5)  *
 *                                   *
 *  1) Unimelb, Melbourne, Australia *
 *  2)     INP, Krakow, Poland       *
 *  3) University Bonn, Germany      *
 *  4)      UJ, Krakow, Poland       *
 *  5)    CERN, Geneva, Switzerland  *
 *************************************
Reading SANC input files.
File 'table1-1.txt'  missing... skipped.
File 'table2-2.txt'  missing... skipped.
File 'table11-11.txt' missing... skipped.

initPDFSetByName: NNPDF31_nnlo_hessian_pdfas
LHAPDF 6.4.0 loading /cvmfs/cms.cern.ch/el9_amd64_gcc13/external/lhapdf/6.4.0-2eb83ba3df468330e902fb8a81d46b4c/share/LHAPDF/NNPDF31_nnlo_hessian_pdfas/NNPDF31_nnlo_hessian_pdfas_0000.dat
NNPDF31_nnlo_hessian_pdfas PDF set, member #0, version 1; LHAPDF ID = 306000
 ------------------------------------------------------
 TauSpinner v2.0.4
 -----------------
   15.Aug.2017    
 by Z. Czyczula (until 2015), T. Przedzinski, E. Richter-Was, Z. Was,
  matrix elements implementations 
  also J. Kalinowski, W. Kotlarski and  M. Bachmani
 ------------------------------------------------------
 Ipp - true for pp collision; otherwise polarization
       of individual taus from Z/gamma* is set to 0.0
 Ipp    = 1
 CMSENE - used in PDF calculations; only if Ipp = true
          and only for Z/gamma*
 CMSENE = 13600
 Ipol - relevant for Z/gamma* decays 
 0 - events generated without spin effects                
 1 - events generated with all spin effects               
 2 - events generated with spin correlations and <pol>=0  
 3 - events generated with spin correlations and
     polarization but missing angular dependence of <pol>
 Ipol    = 0
 Ipol - relevant for Z/gamma* decays 
 NOTE: For Ipol=0,1 algorithm is identical.               
       However in user program role of wt need change.    
 nonSM2  = 0
 1/0 extra term in cross section, density matrix on/off   
 nonSMN  = 0
 1/0 extra term in cross section, for shapes only? on/off 
 note KEY - for options of matrix elements calculations   
            in cases of final states  with two jets       
 ------------------------------------------------------   
>>> Flag saveObjfile True <<<
Saving detector elements as obj file in the range: 
R = [0, 1200]
Z = [-1000, 1000]
>>> Storing all the surfaces into a json file <<<
15:03:47    UnitTests      INFO      [Root]: Building tracking geometry from blueprint tree
>>> Flag saveSvgfile True <<<
Saving tracking geometry blueprint in testSvg_output.svg
>>> Flag mapMaterial_ True <<<
Mapping material on sensitive surfaces, from ../MaterialMaps.json
#--------------------------------------------------------------------------
#                         FastJet release 3.4.1
#                 M. Cacciari, G.P. Salam and G. Soyez                  
#     A software package for jet finding and analysis at colliders      
#                           http://fastjet.fr                           
#	                                                                      
# Please cite EPJC72(2012)1896 [arXiv:1111.6097] if you use this package
# for scientific work and optionally PLB641(2006)57 [hep-ph/0512210].   
#                                                                       
# FastJet is provided without warranty under the GNU GPL v2 or higher.  
# It uses T. Chan's closest pair algorithm, S. Fortune's Voronoi code
# and 3rd party plugin jet algorithms. See COPYING file for details.
#--------------------------------------------------------------------------
==============================================================
========     HiggsTemplateCrossSections Initialization     =========
==============================================================
Rivet.Analysis.HiggsTemplateCrossSections: WARN  No HIGGSPRODMODE shell variable found. Needed when running Rivet stand-alone.
==============================================================
========             Higgs prod mode 0              =========
========          Sucessful Initialization           =========
==============================================================
Rivet.Analysis.HiggsTemplateCrossSections: WARN  Unkown Higgs production mechanism. Cannot classify event. Classification for all events will most likely fail.
################################################################################################ 
===== Reco track associated to a Tracking Particle: =====
px: 4.3023; py: -3.29086; pz: -8.40531; Energy: 10
Vertex position -> x: 0.451833; y: -0.172375; z: 26.209
Eta: -1.22314; Phi: -0.652974
Mass: 0.105658; Charge: -1; ParticleID: 13; Quality: 1
==== Parameters of the RECO Track: ==== 
4D Position (x, y, z, t): 0.456574 -0.173992 26.241 0 
3D Direction: 0.430075 -0.329067 -0.840685
qoverP: -0.100752
covariance: [  2.52756e-06 1.63034e-09 3.37343e-07-1.01554e-06-2.02959e-08
   1.63034e-09 7.59561e-08 1.27134e-09-1.17644e-08-5.88096e-07
   3.37343e-07 1.27134e-09 2.68892e-07-9.79691e-07-1.74496e-08
  -1.01554e-06-1.17644e-08-9.79691e-07 4.23608e-06 1.54105e-07
  -2.02959e-08-5.88096e-07-1.74496e-08 1.54105e-07  5.8956e-06 ]
chi2 / ndof = 0.829185
Particle ID = 13
PixelBarrel Hit: 
Hit local pos: (-3.82363, -12.6416) ± (0.0535521, 0.0495912)
DetID from CMSSW: 303083536
PixelBarrel Hit: 
Hit local pos: (-6.57237, -24.8403) ± (0.013048, 0.0232485)
DetID from CMSSW: 304193548
PixelBarrel Hit: 
Hit local pos: (0.445823, -28.2284) ± (0.0112535, 0.0231619)
DetID from CMSSW: 305299464
PixelBarrel Hit: 
Hit local pos: (-0.638093, -10.7005) ± (0.0107085, 0.022979)
DetID from CMSSW: 306421764
TIB Hit: 
Hit local pos: (28.7124, 0) ± (0.023094, 33.7418)
DetID from CMSSW: 369121721
TIB Hit: 
Hit local pos: (-26.7659, 0) ± (0.023094, 33.7418)
DetID from CMSSW: 369121737
TIB Hit: 
Hit local pos: (28.0654, 0) ± (0.023094, 33.7418)
DetID from CMSSW: 369121738
TIB Hit: 
Hit local pos: (10.8163, 0) ± (0.023094, 33.7418)
DetID from CMSSW: 369138237
TIB Hit: 
Hit local pos: (-13.1872, 0) ± (0.023094, 33.7418)
DetID from CMSSW: 369138238
TIB Hit: 
Hit local pos: (-3.44245, 0) ± (0.034641, 33.7418)
DetID from CMSSW: 369154732
TID Hit: 
Hit local pos: (-12.4516, 0) ± (0.88992, 31.9448)
DetID from CMSSW: 402665292
TOB Hit: 
Hit local pos: (42.5183, 0) ± (0.0528276, 53.7323)
DetID from CMSSW: 436229369
TOB Hit: 
Hit local pos: (42.6226, 0) ± (0.0528276, 53.7323)
DetID from CMSSW: 436229338
TOB Hit: 
Hit local pos: (-46.0654, 0) ± (0.0528276, 53.7323)
DetID from CMSSW: 436229337
TOB Hit: 
Hit local pos: (33.864, 0) ± (0.0528276, 53.7323)
DetID from CMSSW: 436245913
TOB Hit: 
Hit local pos: (-26.9259, 0) ± (0.0528276, 53.7323)
DetID from CMSSW: 436245914
TEC Hit: 
Hit local pos: (-44.0322, 0) ± (2.85742, 53.1416)
DetID from CMSSW: 470051012
TEC Hit: 
Hit local pos: (43.6838, 0) ± (2.83481, 53.1416)
DetID from CMSSW: 470046924
TEC Hit: 
Hit local pos: (0.53062, 0) ± (0.0549552, 59.0963)
DetID from CMSSW: 470063348
TEC Hit: 
Hit local pos: (-8.9088, 0) ± (0.533284, 59.0963)
DetID from CMSSW: 470079732
PIXEL -> local x: -3.82363+-; local y: -12.6416
PIXEL -> local x: -6.57237+-; local y: -24.8403
PIXEL -> local x: 0.445823+-; local y: -28.2284
PIXEL -> local x: -0.638093+-; local y: -10.7005
STRIP -> local x: 28.7124; local y: 0
STRIP -> local x: -26.7659; local y: 0
STRIP -> local x: 28.0654; local y: 0
STRIP -> local x: 10.8163; local y: 0
STRIP -> local x: -13.1872; local y: 0
STRIP -> local x: -3.44245; local y: 0
STRIP -> local x: -12.4516; local y: 0
STRIP -> local x: 42.5183; local y: 0
STRIP -> local x: 42.6226; local y: 0
STRIP -> local x: -46.0654; local y: 0
STRIP -> local x: 33.864; local y: 0
STRIP -> local x: -26.9259; local y: 0
STRIP -> local x: -44.0322; local y: 0
STRIP -> local x: 43.6838; local y: 0
STRIP -> local x: 0.53062; local y: 0
STRIP -> local x: -8.9088; local y: 0
>>>>> Number of source links: 20
>>>>> Number Rec Hits: 20
Outliers: 0
>>>> Fitted parameters:
Fitted global position: x = 0.451833 y = -0.172375 z = 26.2637 t = 0
Fitted direction (normalized): x = 0.431381 y = -0.327323 z = -0.840696
loc0 = -0.200449
loc1 = 0.0546018
phi = -0.649095
theta = 2.56936
q Over P = -0.0819941
covariance = 
  0.00184818   0.00010804 -2.92875e-05  4.83373e-07 -5.97183e-05 -1.84088e-05
  0.00010804   0.00301836 -1.81684e-06   1.2823e-05 -3.02782e-06 -1.51564e-06
-2.92875e-05 -1.81684e-06  5.27802e-07 -7.62444e-09  1.23034e-06  3.01789e-07
 4.83373e-07   1.2823e-05 -7.62444e-09  6.70556e-08 -1.24246e-08 -7.01112e-09
-5.97183e-05 -3.02782e-06  1.23034e-06 -1.24246e-08  6.07429e-06  6.23431e-07
-1.84088e-05 -1.51564e-06  3.01789e-07 -7.01112e-09  6.23431e-07      89875.5
Inner detId Identified! With id: 303083536
Rivet.Analysis.HiggsTemplateCrossSections: WARN  Unkown Higgs production mechanism. Cannot classify event. Classification for all events will most likely fail.
################################################################################################ 
===== Reco track associated to a Tracking Particle: =====
px: -0.0524243; py: 5.44555; pz: -8.38642; Energy: 10
Vertex position -> x: 0.450149; y: -0.172793; z: 5.90178
Eta: -1.21674; Phi: 1.58042
Mass: 0.105658; Charge: -1; ParticleID: 13; Quality: 1
==== Parameters of the RECO Track: ==== 
4D Position (x, y, z, t): 0.447477 -0.169858 5.85652 0 
3D Direction: -0.00523118 0.544737 -0.838591
qoverP: -0.101569
covariance: [  2.33349e-06-4.69284e-09 3.01478e-07-9.41794e-07 7.10464e-08
  -4.69284e-09 9.34639e-08-6.37055e-09 3.93624e-08 -7.8832e-07
   3.01478e-07-6.37055e-09 3.01277e-07-1.22343e-06 9.64705e-08
  -9.41794e-07 3.93624e-08-1.22343e-06 6.05191e-06-6.01702e-07
   7.10464e-08 -7.8832e-07 9.64705e-08-6.01702e-07 8.36154e-06 ]
chi2 / ndof = 0.883106
Particle ID = 13
PixelBarrel Hit: 
Hit local pos: (-7.88891, 4.72817) ± (0.0165941, 0.0301753)
DetID from CMSSW: 303054864
PixelBarrel Hit: 
Hit local pos: (-7.84779, -4.10321) ± (0.0134403, 0.0256859)
DetID from CMSSW: 304119820
PixelBarrel Hit: 
Hit local pos: (-7.73603, 5.47095) ± (0.00618592, 0.0206586)
DetID from CMSSW: 304115724
PixelBarrel Hit: 
Hit local pos: (-5.58819, -8.09831) ± (0.0127071, 0.0227479)
DetID from CMSSW: 305184776
PixelBarrel Hit: 
Hit local pos: (-3.80425, 3.40688) ± (0.0114055, 0.0222669)
DetID from CMSSW: 306253828
TIB Hit: 
Hit local pos: (12.0521, 0) ± (0.023094, 33.7418)
DetID from CMSSW: 369121417
TIB Hit: 
Hit local pos: (-10.0399, 0) ± (0.023094, 33.7418)
DetID from CMSSW: 369121418
TIB Hit: 
Hit local pos: (-17.6295, 0) ± (0.023094, 33.7418)
DetID from CMSSW: 369137837
TIB Hit: 
Hit local pos: (16.4595, 0) ± (0.023094, 33.7418)
DetID from CMSSW: 369137838
TIB Hit: 
Hit local pos: (-23.8144, 0) ± (0.034641, 33.7418)
DetID from CMSSW: 369154252
TID Hit: 
Hit local pos: (-27.0766, 0) ± (1.93359, 31.9448)
DetID from CMSSW: 402665240
TOB Hit: 
Hit local pos: (30.2682, 0) ± (0.0528276, 53.7323)
DetID from CMSSW: 436228470
TOB Hit: 
Hit local pos: (31.5541, 0) ± (0.0528276, 53.7323)
DetID from CMSSW: 436228474
TOB Hit: 
Hit local pos: (-39.1426, 0) ± (0.0528276, 53.7323)
DetID from CMSSW: 436228473
TOB Hit: 
Hit local pos: (31.0341, 0) ± (0.0528276, 53.7323)
DetID from CMSSW: 436244921
TOB Hit: 
Hit local pos: (-28.275, 0) ± (0.0528276, 53.7323)
DetID from CMSSW: 436244922
TEC Hit: 
Hit local pos: (-34.6561, 0) ± (2.2492, 53.1416)
DetID from CMSSW: 470049736
TEC Hit: 
Hit local pos: (-27.3251, 0) ± (1.63049, 59.0963)
DetID from CMSSW: 470066152
TEC Hit: 
Hit local pos: (-36.9759, 0) ± (2.20598, 59.0963)
DetID from CMSSW: 470082536
PIXEL -> local x: -7.88891+-; local y: 4.72817
PIXEL -> local x: -7.84779+-; local y: -4.10321
PIXEL -> local x: -7.73603+-; local y: 5.47095
PIXEL -> local x: -5.58819+-; local y: -8.09831
PIXEL -> local x: -3.80425+-; local y: 3.40688
STRIP -> local x: 12.0521; local y: 0
STRIP -> local x: -10.0399; local y: 0
STRIP -> local x: -17.6295; local y: 0
STRIP -> local x: 16.4595; local y: 0
STRIP -> local x: -23.8144; local y: 0
STRIP -> local x: -27.0766; local y: 0
STRIP -> local x: 30.2682; local y: 0
STRIP -> local x: 31.5541; local y: 0
STRIP -> local x: -39.1426; local y: 0
STRIP -> local x: 31.0341; local y: 0
STRIP -> local x: -28.275; local y: 0
STRIP -> local x: -34.6561; local y: 0
STRIP -> local x: -27.3251; local y: 0
STRIP -> local x: -36.9759; local y: 0
>>>>> Number of source links: 19
>>>>> Number Rec Hits: 19
Outliers: 0
>>>> Fitted parameters:
Fitted global position: x = 0.450149 y = -0.172793 z = 5.91238 t = 0
Fitted direction (normalized): x = -0.00620162 y = 0.544629 z = -0.838654
loc0 = -0.0597141
loc1 = 0.0106085
phi = 1.58218
theta = 2.5656
q Over P = -0.0887564
covariance = 
 0.000819565 -0.000170676 -1.73383e-05 -6.57854e-07 -2.94803e-05  -3.1407e-06
-0.000170676   0.00247437  2.62938e-06  1.40853e-05  4.95055e-06   7.1406e-07
-1.73383e-05  2.62938e-06  4.36679e-07  9.83993e-09  9.05041e-07  6.74693e-08
-6.57854e-07  1.40853e-05  9.83993e-09  9.93421e-08  2.03078e-08  3.01855e-09
-2.94803e-05  4.95055e-06  9.05041e-07  2.03078e-08  7.01976e-06  9.55335e-08
 -3.1407e-06   7.1406e-07  6.74693e-08  3.01855e-09  9.55335e-08      89875.5
Outer detId Identified! With id: 470082536
Inner detId Identified! With id: 303054864
>>>>> INNER AND OUTER DETID IDENTIFIED
Rivet.Analysis.HiggsTemplateCrossSections: WARN  Unkown Higgs production mechanism. Cannot classify event. Classification for all events will most likely fail.
################################################################################################ 
===== Reco track associated to a Tracking Particle: =====
px: -0.912673; py: -2.5995; pz: -9.61241; Energy: 10
Vertex position -> x: 0.453825; y: -0.185299; z: 31.816
Eta: -1.9627; Phi: -1.90845
Mass: 0.105658; Charge: -1; ParticleID: 13; Quality: 1
==== Parameters of the RECO Track: ==== 
4D Position (x, y, z, t): 0.494962 -0.182126 31.8687 0 
3D Direction: -0.0914868 -0.259886 -0.961296
qoverP: -0.0995154
covariance: [  4.05098e-06-3.94732e-10 9.16583e-07-2.15074e-06 2.13831e-08
  -3.94732e-10 1.08197e-07-2.75323e-10-6.00327e-09 -1.3503e-06
   9.16583e-07-2.75323e-10 1.65831e-06-5.36761e-06 4.96228e-08
  -2.15074e-06-6.00327e-09-5.36761e-06  1.8018e-05-1.04249e-07
   2.13831e-08 -1.3503e-06 4.96228e-08-1.04249e-07 1.76074e-05 ]
chi2 / ndof = 0.938588
Particle ID = 13
PixelBarrel Hit: 
Hit local pos: (2.27899, -17.8217) ± (0.0151967, 0.0315494)
DetID from CMSSW: 303075340
PixelBarrel Hit: 
Hit local pos: (0.213282, 30.0722) ± (0.0125827, 0.0277814)
DetID from CMSSW: 304168968
PixelEndcap Hit: 
Hit local pos: (1.4425, -27.8983) ± (0.0100448, 0.0151705)
DetID from CMSSW: 344388612
PixelEndcap Hit: 
Hit local pos: (-5.86877, -28.0677) ± (0.011354, 0.0131155)
DetID from CMSSW: 344389636
PixelEndcap Hit: 
Hit local pos: (5.03673, 28.094) ± (0.0108932, 0.0129392)
DetID from CMSSW: 344262660
PixelEndcap Hit: 
Hit local pos: (-0.195334, -6.40607) ± (0.00636583, 0.0100606)
DetID from CMSSW: 344650756
PixelEndcap Hit: 
Hit local pos: (-2.63432, 20.7253) ± (0.0095828, 0.0148166)
DetID from CMSSW: 344912900
TID Hit: 
Hit local pos: (-12.9736, 0) ± (1.44827, 32.0019)
DetID from CMSSW: 402664101
TID Hit: 
Hit local pos: (7.30357, 0) ± (0.815659, 32.0019)
DetID from CMSSW: 402664102
TID Hit: 
Hit local pos: (-6.39535, 0) ± (0.714364, 32.0019)
DetID from CMSSW: 402666149
TID Hit: 
Hit local pos: (5.17681, 0) ± (0.578497, 32.0019)
DetID from CMSSW: 402666150
TID Hit: 
Hit local pos: (-0.662103, 0) ± (0.0792675, 32.0019)
DetID from CMSSW: 402668197
TID Hit: 
Hit local pos: (3.0302, 0) ± (0.339416, 32.0019)
DetID from CMSSW: 402668198
TID Hit: 
Hit local pos: (-8.07683, 0) ± (0.561167, 25.4496)
DetID from CMSSW: 402668709
TID Hit: 
Hit local pos: (3.11587, 0) ± (0.21912, 25.4496)
DetID from CMSSW: 402668710
TEC Hit: 
Hit local pos: (-47.1302, 0) ± (3.26773, 25.4496)
DetID from CMSSW: 470050634
TEC Hit: 
Hit local pos: (45.3113, 0) ± (3.14164, 25.4496)
DetID from CMSSW: 470050633
TEC Hit: 
Hit local pos: (26.0897, 0) ± (1.86315, 31.9448)
DetID from CMSSW: 470046308
ERROR: Invalid Hit. Skipping.
TEC Hit: 
Hit local pos: (33.4567, 0) ± (2.38903, 31.9448)
DetID from CMSSW: 470079076
TEC Hit: 
Hit local pos: (-35.2471, 0) ± (2.51684, 31.9448)
DetID from CMSSW: 470099820
TEC Hit: 
Hit local pos: (-28.5702, 0) ± (1.69136, 33.2438)
DetID from CMSSW: 470095492
ERROR: Invalid Hit. Skipping.
TEC Hit: 
Hit local pos: (26.549, 0) ± (1.57176, 33.2438)
DetID from CMSSW: 470132624
TEC Hit: 
Hit local pos: (23.4287, 0) ± (1.47209, 42.511)
DetID from CMSSW: 470128293
TEC Hit: 
Hit local pos: (24.5596, 0) ± (1.5431, 42.511)
DetID from CMSSW: 470144677
TEC Hit: 
Hit local pos: (-22.4458, 0) ± (1.41038, 42.511)
DetID from CMSSW: 470144678
TEC Hit: 
Hit local pos: (26.8856, 0) ± (1.68915, 42.511)
DetID from CMSSW: 470161061
TEC Hit: 
Hit local pos: (-30.5291, 0) ± (1.91793, 42.511)
DetID from CMSSW: 470161062
TEC Hit: 
Hit local pos: (10.0077, 0) ± (0.651486, 53.1416)
DetID from CMSSW: 470181840
PIXEL -> local x: 2.27899+-; local y: -17.8217
PIXEL -> local x: 0.213282+-; local y: 30.0722
PIXEL -> local x: 1.4425+-; local y: -27.8983
PIXEL -> local x: -5.86877+-; local y: -28.0677
PIXEL -> local x: 5.03673+-; local y: 28.094
PIXEL -> local x: -0.195334+-; local y: -6.40607
PIXEL -> local x: -2.63432+-; local y: 20.7253
STRIP -> local x: -12.9736; local y: 0
STRIP -> local x: 7.30357; local y: 0
STRIP -> local x: -6.39535; local y: 0
STRIP -> local x: 5.17681; local y: 0
STRIP -> local x: -0.662103; local y: 0
STRIP -> local x: 3.0302; local y: 0
STRIP -> local x: -8.07683; local y: 0
STRIP -> local x: 3.11587; local y: 0
STRIP -> local x: -47.1302; local y: 0
STRIP -> local x: 45.3113; local y: 0
STRIP -> local x: 26.0897; local y: 0
STRIP -> local x: 33.4567; local y: 0
STRIP -> local x: -35.2471; local y: 0
STRIP -> local x: -28.5702; local y: 0
STRIP -> local x: 26.549; local y: 0
STRIP -> local x: 23.4287; local y: 0
STRIP -> local x: 24.5596; local y: 0
STRIP -> local x: -22.4458; local y: 0
STRIP -> local x: 26.8856; local y: 0
STRIP -> local x: -30.5291; local y: 0
STRIP -> local x: 10.0077; local y: 0
>>>>> Number of source links: 28
>>>>> Number Rec Hits: 30
Outliers: 0
>>>> Fitted parameters:
Fitted global position: x = 0.453825 y = -0.185299 z = 31.7778 t = 0
Fitted direction (normalized): x = -0.0920109 y = -0.259728 z = -0.961288
loc0 = 0.109332
loc1 = -0.0382425
phi = -1.91126
theta = 2.86244
q Over P = -0.107529
covariance = 
  0.00278662 -0.000290384 -8.19922e-05 -1.44516e-07  -0.00016463   3.9646e-05
-0.000290384    0.0181256  5.42063e-06  3.77605e-05  1.57834e-05  1.97432e-07
-8.19922e-05  5.42063e-06  2.65155e-06 -7.91292e-11  6.33258e-06 -1.20708e-06
-1.44516e-07  3.77605e-05 -7.91292e-11   8.2749e-08  9.53888e-09  7.09488e-09
 -0.00016463  1.57834e-05  6.33258e-06  9.53888e-09  2.77899e-05 -2.65516e-06
  3.9646e-05  1.97432e-07 -1.20708e-06  7.09488e-09 -2.65516e-06      89875.5
Inner detId Identified! With id: 303075340
Rivet.Analysis.HiggsTemplateCrossSections: WARN  Unkown Higgs production mechanism. Cannot classify event. Classification for all events will most likely fail.
################################################################################################ 
===== Reco track associated to a Tracking Particle: =====
px: -3.603; py: 1.06089; pz: 9.26724; Energy: 10
Vertex position -> x: 0.472706; y: -0.167869; z: -42.8076
Eta: 1.63504; Phi: 2.85524
Mass: 0.105658; Charge: -1; ParticleID: 13; Quality: 1
==== Parameters of the RECO Track: ==== 
4D Position (x, y, z, t): 0.458858 -0.171886 -42.802 0 
3D Direction: -0.360198 0.106078 0.926825
qoverP: -0.0995315
covariance: [  2.11655e-06 2.37974e-10 3.44568e-07-8.10928e-07-9.30168e-09
   2.37974e-10 8.89129e-08 3.01539e-10 1.85644e-09-8.27505e-07
   3.44568e-07 3.01539e-10 6.14614e-07-1.87367e-06-1.94086e-08
  -8.10928e-07 1.85644e-09-1.87367e-06 6.48932e-06 3.90784e-08
  -9.30168e-09-8.27505e-07-1.94086e-08 3.90784e-08 9.53704e-06 ]
chi2 / ndof = 0.981268
Particle ID = 13
PixelBarrel Hit: 
Hit local pos: (-0.959578, 7.43867) ± (0.0138231, 0.0249616)
DetID from CMSSW: 303063060
PixelBarrel Hit: 
Hit local pos: (-3.11115, -29.2516) ± (0.011496, 0.0265101)
DetID from CMSSW: 304140312
PixelBarrel Hit: 
Hit local pos: (5.87896, 3.25009) ± (0.0583222, 0.051219)
DetID from CMSSW: 305221664
PixelEndcap Hit: 
Hit local pos: (-5.55935, 18.7519) ± (0.00994365, 0.0185441)
DetID from CMSSW: 352744452
TIB Hit: 
Hit local pos: (-26.7502, 0) ± (0.023094, 33.7418)
DetID from CMSSW: 369124558
TIB Hit: 
Hit local pos: (29.9626, 0) ± (0.023094, 33.7418)
DetID from CMSSW: 369124557
TID Hit: 
Hit local pos: (-12.011, 0) ± (0.833531, 25.4496)
DetID from CMSSW: 402672793
TID Hit: 
Hit local pos: (11.1311, 0) ± (0.772592, 25.4496)
DetID from CMSSW: 402672794
TID Hit: 
Hit local pos: (-10.1129, 0) ± (0.702087, 25.4496)
DetID from CMSSW: 402674841
TID Hit: 
Hit local pos: (13.9516, 0) ± (0.967959, 25.4496)
DetID from CMSSW: 402674842
TID Hit: 
Hit local pos: (28.3145, 0) ± (2.02195, 31.9448)
DetID from CMSSW: 402677416
TEC Hit: 
Hit local pos: (-19.858, 0) ± (1.17589, 33.2438)
DetID from CMSSW: 470312324
TEC Hit: 
Hit local pos: (-15.0642, 0) ± (0.892337, 33.2438)
DetID from CMSSW: 470328708
TEC Hit: 
Hit local pos: (-21.5584, 0) ± (1.35467, 42.511)
DetID from CMSSW: 470324397
TEC Hit: 
Hit local pos: (29.2244, 0) ± (1.836, 42.511)
DetID from CMSSW: 470324398
TEC Hit: 
Hit local pos: (-33.7499, 0) ± (2.12018, 42.511)
DetID from CMSSW: 470340781
TEC Hit: 
Hit local pos: (34.9879, 0) ± (2.19792, 42.511)
DetID from CMSSW: 470340782
TEC Hit: 
Hit local pos: (-44.9775, 0) ± (2.82528, 42.511)
DetID from CMSSW: 470357165
TEC Hit: 
Hit local pos: (40.8746, 0) ± (2.56761, 42.511)
DetID from CMSSW: 470357166
TEC Hit: 
Hit local pos: (-1.02036, 0) ± (0.0848141, 53.1416)
DetID from CMSSW: 470377924
TEC Hit: 
Hit local pos: (7.65438, 0) ± (0.499457, 53.1416)
DetID from CMSSW: 470394308
TEC Hit: 
Hit local pos: (8.3362, 0) ± (0.49926, 59.0963)
DetID from CMSSW: 470410724
TEC Hit: 
Hit local pos: (20.4714, 0) ± (1.2219, 59.0963)
DetID from CMSSW: 470427108
TEC Hit: 
Hit local pos: (33.2255, 0) ± (1.98233, 59.0963)
DetID from CMSSW: 470443492
PIXEL -> local x: -0.959578+-; local y: 7.43867
PIXEL -> local x: -3.11115+-; local y: -29.2516
PIXEL -> local x: 5.87896+-; local y: 3.25009
PIXEL -> local x: -5.55935+-; local y: 18.7519
STRIP -> local x: -26.7502; local y: 0
STRIP -> local x: 29.9626; local y: 0
STRIP -> local x: -12.011; local y: 0
STRIP -> local x: 11.1311; local y: 0
STRIP -> local x: -10.1129; local y: 0
STRIP -> local x: 13.9516; local y: 0
STRIP -> local x: 28.3145; local y: 0
STRIP -> local x: -19.858; local y: 0
STRIP -> local x: -15.0642; local y: 0
STRIP -> local x: -21.5584; local y: 0
STRIP -> local x: 29.2244; local y: 0
STRIP -> local x: -33.7499; local y: 0
STRIP -> local x: 34.9879; local y: 0
STRIP -> local x: -44.9775; local y: 0
STRIP -> local x: 40.8746; local y: 0
STRIP -> local x: -1.02036; local y: 0
STRIP -> local x: 7.65438; local y: 0
STRIP -> local x: 8.3362; local y: 0
STRIP -> local x: 20.4714; local y: 0
STRIP -> local x: 33.2255; local y: 0
>>>>> Number of source links: 24
>>>>> Number Rec Hits: 24
Outliers: 0
>>>> Fitted parameters:
Fitted global position: x = 0.472706 y = -0.167869 z = -42.8098 t = 0
Fitted direction (normalized): x = -0.360195 y = 0.106215 z = 0.926811
loc0 = 0.0216803
loc1 = -0.00222311
phi = 2.85484
theta = 0.384968
q Over P = -0.0998248
covariance = 
 0.000885158  4.48427e-05 -2.30753e-05  3.89229e-08 -6.01784e-05  1.67847e-06
 4.48427e-05   0.00271116 -7.39525e-07  9.23246e-06 -2.71037e-06  8.92169e-07
-2.30753e-05 -7.39525e-07  7.15588e-07  2.77197e-10  2.14783e-06 -4.75264e-08
 3.89229e-08  9.23246e-06  2.77197e-10  3.83588e-08 -2.15858e-09   3.4423e-09
-6.01784e-05 -2.71037e-06  2.14783e-06 -2.15858e-09  1.13877e-05 -1.40151e-07
 1.67847e-06  8.92169e-07 -4.75264e-08   3.4423e-09 -1.40151e-07      89875.5
Inner detId Identified! With id: 303063060
Rivet.Analysis.HiggsTemplateCrossSections: WARN  Unkown Higgs production mechanism. Cannot classify event. Classification for all events will most likely fail.
################################################################################################ 
===== Reco track associated to a Tracking Particle: =====
px: 5.24535; py: 2.6037; pz: 8.1053; Energy: 10
Vertex position -> x: 0.469016; y: -0.170024; z: -11.0456
Eta: 1.1287; Phi: 0.46075
Mass: 0.105658; Charge: -1; ParticleID: 13; Quality: 1
==== Parameters of the RECO Track: ==== 
4D Position (x, y, z, t): 0.47584 -0.202306 -11.1034 0 
3D Direction: 0.524317 0.260604 0.810665
qoverP: -0.100791
covariance: [  1.89606e-06-4.59122e-09 2.85444e-07-1.09464e-06 6.27825e-08
  -4.59122e-09 8.98297e-08 -7.1287e-09 5.04423e-08-7.10469e-07
   2.85444e-07 -7.1287e-09 3.26656e-07 -1.5705e-06 9.28008e-08
  -1.09464e-06 5.04423e-08 -1.5705e-06 8.67138e-06-6.62108e-07
   6.27825e-08-7.10469e-07 9.28008e-08-6.62108e-07 7.04198e-06 ]
chi2 / ndof = 0.448054
Particle ID = 13
PixelBarrel Hit: 
Hit local pos: (-5.3849, 2.08321) ± (0.0222902, 0.0251)
DetID from CMSSW: 303042580
PixelBarrel Hit: 
Hit local pos: (7.1783, 20.4713) ± (0.00611254, 0.0187682)
DetID from CMSSW: 304095256
PixelBarrel Hit: 
Hit local pos: (8.00512, 15.4083) ± (0.05, 0.052868)
DetID from CMSSW: 304099352
PixelBarrel Hit: 
Hit local pos: (-3.16525, 30.7168) ± (0.0125532, 0.0225794)
DetID from CMSSW: 305152028
PixelBarrel Hit: 
Hit local pos: (5.33325, 26.9108) ± (0.01072, 0.0233511)
DetID from CMSSW: 306204704
TIB Hit: 
Hit local pos: (29.4632, 0) ± (0.023094, 33.7418)
DetID from CMSSW: 369124410
TIB Hit: 
Hit local pos: (-25.5036, 0) ± (0.023094, 33.7418)
DetID from CMSSW: 369124409
TIB Hit: 
Hit local pos: (-15.2362, 0) ± (0.023094, 33.7418)
DetID from CMSSW: 369125433
TIB Hit: 
Hit local pos: (10.2817, 0) ± (0.023094, 33.7418)
DetID from CMSSW: 369125434
ERROR: Invalid Hit. Skipping.
ERROR: Invalid Hit. Skipping.
TOB Hit: 
Hit local pos: (12.014, 0) ± (0.0528276, 53.7323)
DetID from CMSSW: 436232342
TOB Hit: 
Hit local pos: (-7.58311, 0) ± (0.0528276, 53.7323)
DetID from CMSSW: 436232341
TOB Hit: 
Hit local pos: (16.2725, 0) ± (0.0528276, 53.7323)
DetID from CMSSW: 436248761
TOB Hit: 
Hit local pos: (-22.2146, 0) ± (0.0528276, 53.7323)
DetID from CMSSW: 436248762
TEC Hit: 
Hit local pos: (8.18788, 0) ± (0.490449, 59.0963)
DetID from CMSSW: 470307316
PIXEL -> local x: -5.3849+-; local y: 2.08321
PIXEL -> local x: 7.1783+-; local y: 20.4713
PIXEL -> local x: 8.00512+-; local y: 15.4083
PIXEL -> local x: -3.16525+-; local y: 30.7168
PIXEL -> local x: 5.33325+-; local y: 26.9108
STRIP -> local x: 29.4632; local y: 0
STRIP -> local x: -25.5036; local y: 0
STRIP -> local x: -15.2362; local y: 0
STRIP -> local x: 10.2817; local y: 0
STRIP -> local x: 12.014; local y: 0
STRIP -> local x: -7.58311; local y: 0
STRIP -> local x: 16.2725; local y: 0
STRIP -> local x: -22.2146; local y: 0
STRIP -> local x: 8.18788; local y: 0
>>>>> Number of source links: 14
>>>>> Number Rec Hits: 16
Outliers: 0
>>>> Fitted parameters:
Fitted global position: x = 0.469016 y = -0.170024 z = -11.0881 t = 0
Fitted direction (normalized): x = 0.524629 y = 0.259993 z = 0.810659
loc0 = 0.0153927
loc1 = -0.0425198
phi = 0.460102
theta = 0.62552
q Over P = -0.108378
covariance = 
 0.000955424 -0.000129405 -1.81901e-05 -5.90224e-07 -3.62294e-05  9.47178e-07
-0.000129405   0.00160798   2.1561e-06    9.772e-06  3.85432e-06  2.39232e-07
-1.81901e-05   2.1561e-06  3.91338e-07  1.02839e-08  9.23026e-07 -1.73638e-08
-5.90224e-07    9.772e-06  1.02839e-08  7.35507e-08  1.78914e-08  2.19523e-09
-3.62294e-05  3.85432e-06  9.23026e-07  1.78914e-08  6.08478e-06 -1.67409e-08
 9.47178e-07  2.39232e-07 -1.73638e-08  2.19523e-09 -1.67409e-08      89875.5
Outer detId Identified! With id: 470307316
Inner detId Identified! With id: 303042580
>>>>> INNER AND OUTER DETID IDENTIFIED
Rivet.Analysis.HiggsTemplateCrossSections: WARN  Unkown Higgs production mechanism. Cannot classify event. Classification for all events will most likely fail.
################################################################################################ 
===== Reco track associated to a Tracking Particle: =====
px: -5.40348; py: 4.38498; pz: -7.18075; Energy: 10
Vertex position -> x: 0.45822; y: -0.167522; z: -20.492
Eta: -0.903742; Phi: 2.45987
Mass: 0.105658; Charge: -1; ParticleID: 13; Quality: 1
==== Parameters of the RECO Track: ==== 
4D Position (x, y, z, t): 0.467228 -0.160314 -20.5318 0 
3D Direction: -0.540739 0.438467 -0.717877
qoverP: -0.0974764
covariance: [  1.43784e-06 2.81495e-09 2.96416e-07-1.90472e-06-3.55532e-08
   2.81495e-09 8.37633e-08 2.92423e-09-3.34276e-08-7.79914e-07
   2.96416e-07 2.92423e-09 2.48488e-07-1.67282e-06-4.04061e-08
  -1.90472e-06-3.34276e-08-1.67282e-06   1.391e-05 4.77602e-07
  -3.55532e-08-7.79914e-07-4.04061e-08 4.77602e-07 1.00102e-05 ]
chi2 / ndof = 0.913883
Particle ID = 13
PixelBarrel Hit: 
Hit local pos: (-2.61735, 19.1046) ± (0.0133908, 0.0279879)
DetID from CMSSW: 303058960
PixelBarrel Hit: 
Hit local pos: (-6.32135, -7.67001) ± (0.0589148, 0.0532542)
DetID from CMSSW: 304132108
PixelBarrel Hit: 
Hit local pos: (-3.16714, 30.9736) ± (0.00784435, 0.016498)
DetID from CMSSW: 305209356
PixelBarrel Hit: 
Hit local pos: (4.92281, 20.1147) ± (0.0113764, 0.0210982)
DetID from CMSSW: 306290696
TIB Hit: 
Hit local pos: (14.0664, 0) ± (0.023094, 33.7418)
DetID from CMSSW: 369120442
TIB Hit: 
Hit local pos: (-11.5748, 0) ± (0.023094, 33.7418)
DetID from CMSSW: 369120441
TIB Hit: 
Hit local pos: (-2.76663, 0) ± (0.023094, 33.7418)
DetID from CMSSW: 369136874
TIB Hit: 
Hit local pos: (-0.239403, 0) ± (0.023094, 33.7418)
DetID from CMSSW: 369136873
TIB Hit: 
Hit local pos: (2.74079, 0) ± (0.034641, 33.7418)
DetID from CMSSW: 369153324
TIB Hit: 
Hit local pos: (-12.1718, 0) ± (0.034641, 33.7418)
DetID from CMSSW: 369170812
TOB Hit: 
Hit local pos: (11.8505, 0) ± (0.0528276, 53.7323)
DetID from CMSSW: 436228657
TOB Hit: 
Hit local pos: (-12.6688, 0) ± (0.0528276, 53.7323)
DetID from CMSSW: 436245141
TOB Hit: 
Hit local pos: (5.64366, 0) ± (0.0528276, 53.7323)
DetID from CMSSW: 436245142
ERROR: Invalid Hit. Skipping.
TOB Hit: 
Hit local pos: (-10.8937, 0) ± (0.0528276, 53.7323)
DetID from CMSSW: 436278068
TOB Hit: 
Hit local pos: (11.0111, 0) ± (0.0352184, 53.7323)
DetID from CMSSW: 436294520
PIXEL -> local x: -2.61735+-; local y: 19.1046
PIXEL -> local x: -6.32135+-; local y: -7.67001
PIXEL -> local x: -3.16714+-; local y: 30.9736
PIXEL -> local x: 4.92281+-; local y: 20.1147
STRIP -> local x: 14.0664; local y: 0
STRIP -> local x: -11.5748; local y: 0
STRIP -> local x: -2.76663; local y: 0
STRIP -> local x: -0.239403; local y: 0
STRIP -> local x: 2.74079; local y: 0
STRIP -> local x: -12.1718; local y: 0
STRIP -> local x: 11.8505; local y: 0
STRIP -> local x: -12.6688; local y: 0
STRIP -> local x: 5.64366; local y: 0
STRIP -> local x: -10.8937; local y: 0
STRIP -> local x: 11.0111; local y: 0
>>>>> Number of source links: 15
>>>>> Number Rec Hits: 16
Outliers: 0
>>>> Fitted parameters:
Fitted global position: x = 0.45822 y = -0.167522 z = -20.4993 t = 0
Fitted direction (normalized): x = -0.541597 y = 0.4372 z = -0.718004
loc0 = -0.0895367
loc1 = -0.00725273
phi = 2.46245
theta = 2.37173
q Over P = -0.0789949
covariance = 
 0.000442144  2.99731e-05 -6.93192e-06  1.32667e-07 -1.49852e-05 -1.76231e-06
 2.99731e-05   0.00128596 -4.26651e-07  7.40868e-06   -1.221e-06  8.46671e-08
-6.93192e-06 -4.26651e-07  1.43204e-07 -1.89604e-09  3.63257e-07  2.78714e-08
 1.32667e-07  7.40868e-06 -1.89604e-09  6.00338e-08 -4.22443e-09  1.10366e-09
-1.49852e-05   -1.221e-06  3.63257e-07 -4.22443e-09  2.94438e-06  4.41658e-08
-1.76231e-06  8.46671e-08  2.78714e-08  1.10366e-09  4.41658e-08      89875.5
Outer detId Identified! With id: 436294520
Inner detId Identified! With id: 303058960
>>>>> INNER AND OUTER DETID IDENTIFIED
Rivet.Analysis.HiggsTemplateCrossSections: WARN  Unkown Higgs production mechanism. Cannot classify event. Classification for all events will most likely fail.
################################################################################################ 
===== Reco track associated to a Tracking Particle: =====
px: -2.34365; py: -5.89795; pz: 7.72725; Energy: 10
Vertex position -> x: 0.457001; y: -0.17042; z: -2.24733
Eta: 1.02716; Phi: -1.94903
Mass: 0.105658; Charge: -1; ParticleID: 13; Quality: 1
==== Parameters of the RECO Track: ==== 
4D Position (x, y, z, t): 0.478895 -0.177368 -2.22204 0 
3D Direction: -0.234544 -0.590144 0.772476
qoverP: -0.100801
covariance: [  1.82889e-06 1.36892e-09 2.69912e-07-9.74201e-07-3.60291e-08
   1.36892e-09 7.59229e-08 1.11485e-09-9.70896e-09-5.63494e-07
   2.69912e-07 1.11485e-09 2.12539e-07-8.60582e-07 -2.7591e-08
  -9.74201e-07-9.70896e-09-8.60582e-07 4.88565e-06 2.56518e-07
  -3.60291e-08-5.63494e-07 -2.7591e-08 2.56518e-07 6.64287e-06 ]
chi2 / ndof = 0.699774
Particle ID = 13
PixelBarrel Hit: 
Hit local pos: (3.74743, -4.39375) ± (0.0143817, 0.0258066)
DetID from CMSSW: 303075348
ERROR: Invalid Hit. Skipping.
PixelBarrel Hit: 
Hit local pos: (0.54649, -31.5957) ± (0.0502932, 0.0510722)
DetID from CMSSW: 305262616
PixelBarrel Hit: 
Hit local pos: (-2.5513, -22.6707) ± (0.0115978, 0.0215905)
DetID from CMSSW: 306368540
TIB Hit: 
Hit local pos: (16.9892, 0) ± (0.023094, 33.7418)
DetID from CMSSW: 369125721
TIB Hit: 
Hit local pos: (-18.121, 0) ± (0.023094, 33.7418)
DetID from CMSSW: 369125722
TIB Hit: 
Hit local pos: (-1.44145, 0) ± (0.023094, 33.7418)
DetID from CMSSW: 369141133
TIB Hit: 
Hit local pos: (-0.190983, 0) ± (0.023094, 33.7418)
DetID from CMSSW: 369142201
TIB Hit: 
Hit local pos: (-5.07205, 0) ± (0.023094, 33.7418)
DetID from CMSSW: 369142202
TIB Hit: 
Hit local pos: (28.3479, 0) ± (0.034641, 33.7418)
DetID from CMSSW: 369158684
TIB Hit: 
Hit local pos: (-25.9705, 0) ± (0.034641, 33.7418)
DetID from CMSSW: 369175180
TOB Hit: 
Hit local pos: (25.021, 0) ± (0.0528276, 53.7323)
DetID from CMSSW: 436233174
TOB Hit: 
Hit local pos: (-30.2671, 0) ± (0.0528276, 53.7323)
DetID from CMSSW: 436233173
TOB Hit: 
Hit local pos: (-24.0415, 0) ± (0.0528276, 53.7323)
DetID from CMSSW: 436249685
TOB Hit: 
Hit local pos: (29.2964, 0) ± (0.0528276, 53.7323)
DetID from CMSSW: 436249686
ERROR: Invalid Hit. Skipping.
TOB Hit: 
Hit local pos: (11.6395, 0) ± (0.0528276, 53.7323)
DetID from CMSSW: 436282744
PIXEL -> local x: 3.74743+-; local y: -4.39375
PIXEL -> local x: 0.54649+-; local y: -31.5957
PIXEL -> local x: -2.5513+-; local y: -22.6707
STRIP -> local x: 16.9892; local y: 0
STRIP -> local x: -18.121; local y: 0
STRIP -> local x: -1.44145; local y: 0
STRIP -> local x: -0.190983; local y: 0
STRIP -> local x: -5.07205; local y: 0
STRIP -> local x: 28.3479; local y: 0
STRIP -> local x: -25.9705; local y: 0
STRIP -> local x: 25.021; local y: 0
STRIP -> local x: -30.2671; local y: 0
STRIP -> local x: -24.0415; local y: 0
STRIP -> local x: 29.2964; local y: 0
STRIP -> local x: 11.6395; local y: 0
>>>>> Number of source links: 15
>>>>> Number Rec Hits: 17
Outliers: 0
>>>> Fitted parameters:
Fitted global position: x = 0.457001 y = -0.17042 z = -2.22494 t = 0
Fitted direction (normalized): x = -0.231377 y = -0.591409 z = 0.772464
loc0 = -0.15726
loc1 = 0.022396
phi = -1.94372
theta = 0.688084
q Over P = -0.0697263
covariance = 
 0.000590756  5.25816e-05 -1.02157e-05  1.34631e-07  -2.6993e-05 -4.87536e-06
 5.25816e-05   0.00133925 -4.96151e-07  6.43428e-06 -1.58253e-06 -1.06762e-06
-1.02157e-05 -4.96151e-07  2.53999e-07 -1.19647e-09  7.82577e-07   8.1797e-08
 1.34631e-07  6.43428e-06 -1.19647e-09  5.14908e-08 -4.66631e-09 -6.16343e-09
 -2.6993e-05 -1.58253e-06  7.82577e-07 -4.66631e-09  4.60464e-06  1.89658e-07
-4.87536e-06 -1.06762e-06   8.1797e-08 -6.16343e-09  1.89658e-07      89875.5
Outer detId Identified! With id: 436282744
Inner detId Identified! With id: 303075348
>>>>> INNER AND OUTER DETID IDENTIFIED
Rivet.Analysis.HiggsTemplateCrossSections: WARN  Unkown Higgs production mechanism. Cannot classify event. Classification for all events will most likely fail.
################################################################################################ 
===== Reco track associated to a Tracking Particle: =====
px: -1.67413; py: 4.63161; pz: 8.70255; Energy: 10
Vertex position -> x: 0.454402; y: -0.168432; z: 13.0367
Eta: 1.33433; Phi: 1.91764
Mass: 0.105658; Charge: -1; ParticleID: 13; Quality: 1
==== Parameters of the RECO Track: ==== 
4D Position (x, y, z, t): 0.426859 -0.181624 13.0495 0 
3D Direction: -0.167311 0.463403 0.87021
qoverP: -0.101378
covariance: [  2.11802e-06-2.38351e-09   4.153e-07-1.59964e-06 2.61164e-08
  -2.38351e-09 8.34856e-08-2.81873e-09 2.23806e-08-6.81235e-07
     4.153e-07-2.81873e-09 4.55233e-07-1.87215e-06  3.2994e-08
  -1.59964e-06 2.23806e-08-1.87215e-06 9.46878e-06-2.92357e-07
   2.61164e-08-6.81235e-07  3.2994e-08-2.92357e-07 7.47238e-06 ]
chi2 / ndof = 0.809601
Particle ID = 13
PixelBarrel Hit: 
Hit local pos: (1.61833, -28.5805) ± (0.0185457, 0.0389165)
DetID from CMSSW: 303054868
PixelBarrel Hit: 
Hit local pos: (0.230749, 31.3955) ± (0.00722481, 0.0225737)
DetID from CMSSW: 304123932
PixelBarrel Hit: 
Hit local pos: (0.0532969, 31.7656) ± (0.0333572, 0.0238707)
DetID from CMSSW: 305192992
TIB Hit: 
Hit local pos: (-6.26383, 0) ± (0.023094, 33.7418)
DetID from CMSSW: 369125549
TIB Hit: 
Hit local pos: (11.7894, 0) ± (0.023094, 33.7418)
DetID from CMSSW: 369125550
TIB Hit: 
Hit local pos: (-22.8072, 0) ± (0.023094, 33.7418)
DetID from CMSSW: 369141965
TIB Hit: 
Hit local pos: (19.8872, 0) ± (0.023094, 33.7418)
DetID from CMSSW: 369141966
TID Hit: 
Hit local pos: (35.83, 0) ± (2.55845, 31.9448)
DetID from CMSSW: 402673436
TID Hit: 
Hit local pos: (33.8513, 0) ± (2.41719, 31.9448)
DetID from CMSSW: 402673308
TID Hit: 
Hit local pos: (29.9179, 0) ± (2.13641, 31.9448)
DetID from CMSSW: 402675356
TEC Hit: 
Hit local pos: (-34.5689, 0) ± (2.17162, 42.511)
DetID from CMSSW: 470307753
TEC Hit: 
Hit local pos: (35.3992, 0) ± (2.2974, 53.1416)
DetID from CMSSW: 470307784
TEC Hit: 
Hit local pos: (43.1358, 0) ± (2.79926, 53.1416)
DetID from CMSSW: 470324168
TEC Hit: 
Hit local pos: (-18.0796, 0) ± (1.07934, 59.0963)
DetID from CMSSW: 470340592
TEC Hit: 
Hit local pos: (-8.7986, 0) ± (0.526734, 59.0963)
DetID from CMSSW: 470356976
TEC Hit: 
Hit local pos: (0.379956, 0) ± (0.0503187, 59.0963)
DetID from CMSSW: 470373360
PIXEL -> local x: 1.61833+-; local y: -28.5805
PIXEL -> local x: 0.230749+-; local y: 31.3955
PIXEL -> local x: 0.0532969+-; local y: 31.7656
STRIP -> local x: -6.26383; local y: 0
STRIP -> local x: 11.7894; local y: 0
STRIP -> local x: -22.8072; local y: 0
STRIP -> local x: 19.8872; local y: 0
STRIP -> local x: 35.83; local y: 0
STRIP -> local x: 33.8513; local y: 0
STRIP -> local x: 29.9179; local y: 0
STRIP -> local x: -34.5689; local y: 0
STRIP -> local x: 35.3992; local y: 0
STRIP -> local x: 43.1358; local y: 0
STRIP -> local x: -18.0796; local y: 0
STRIP -> local x: -8.7986; local y: 0
STRIP -> local x: 0.379956; local y: 0
>>>>> Number of source links: 16
>>>>> Number Rec Hits: 16
Outliers: 0
>>>> Fitted parameters:
Fitted global position: x = 0.454402 y = -0.168432 z = 13.0858 t = 0
Fitted direction (normalized): x = -0.16784 y = 0.463299 z = 0.870163
loc0 = -0.0100803
loc1 = 0.0491064
phi = 1.91836
theta = 0.515264
q Over P = -0.0944521
covariance = 
  0.00125016 -7.11145e-05 -2.77009e-05  -3.2337e-07 -4.20177e-05 -1.36692e-06
-7.11145e-05   0.00417373  1.32055e-06   2.0885e-05   8.4892e-07 -2.32785e-06
-2.77009e-05  1.32055e-06  7.16527e-07  6.75433e-09  1.17571e-06   2.8864e-08
